4
0.01 0.09
0.05 0.07
0.08 0.04
0.12 0.01
339
0.01 6.63
0.03 6.60
0.06 6.57
0.09 6.54
0.12 6.51
0.14 6.48
0.17 6.45
0.20 6.43
0.23 6.40
0.26 6.37
0.28 6.34
0.31 6.31
0.34 6.28
0.37 6.25
0.40 6.22
0.42 6.20
0.45 6.17
0.48 6.14
0.51 6.11
0.54 6.08
0.57 6.05
0.60 6.03
0.62 6.00
0.65 5.97
0.68 5.94
0.71 5.91
0.74 5.89
0.77 5.86
0.80 5.83
0.83 5.80
0.86 5.78
0.88 5.75
0.91 5.72
0.94 5.69
0.97 5.66
1.00 5.64
1.03 5.61
1.06 5.58
1.09 5.56
1.12 5.53
1.15 5.50
1.18 5.47
1.21 5.45
1.24 5.42
1.27 5.39
1.30 5.37
1.33 5.34
1.36 5.31
1.39 5.28
1.42 5.26
1.45 5.23
1.48 5.20
1.51 5.18
1.54 5.15
1.57 5.13
1.60 5.10
1.63 5.07
1.66 5.05
1.69 5.02
1.72 4.99
1.75 4.97
1.78 4.94
1.81 4.92
1.84 4.89
1.87 4.86
1.90 4.84
1.93 4.81
1.96 4.79
1.99 4.76
2.02 4.73
2.06 4.71
2.09 4.68
2.12 4.66
2.15 4.63
2.18 4.61
2.21 4.58
2.24 4.56
2.27 4.53
2.30 4.51
2.34 4.48
2.37 4.46
2.40 4.43
2.43 4.41
2.46 4.38
2.49 4.36
2.52 4.33
2.56 4.31
2.59 4.28
2.62 4.26
2.65 4.23
2.68 4.21
2.71 4.18
2.75 4.16
2.78 4.13
2.81 4.11
2.84 4.09
2.87 4.06
2.91 4.04
2.94 4.01
2.97 3.99
3.00 3.97
3.04 3.94
3.07 3.92
3.10 3.89
3.13 3.87
3.16 3.85
3.20 3.82
3.23 3.80
3.26 3.78
3.30 3.75
3.33 3.73
3.36 3.71
3.39 3.68
3.43 3.66
3.46 3.64
3.49 3.61
3.52 3.59
3.56 3.57
3.59 3.54
3.62 3.52
3.66 3.50
3.69 3.48
3.72 3.45
3.76 3.43
3.79 3.41
3.82 3.39
3.86 3.36
3.89 3.34
3.92 3.32
3.96 3.30
3.99 3.27
4.02 3.25
4.06 3.23
4.09 3.21
4.12 3.18
4.16 3.16
4.19 3.14
4.22 3.12
4.26 3.10
4.29 3.08
4.32 3.05
4.36 3.03
4.39 3.01
4.43 2.99
4.46 2.97
4.49 2.95
4.53 2.93
4.56 2.90
4.60 2.88
4.63 2.86
4.66 2.84
4.70 2.82
4.73 2.80
4.77 2.78
4.80 2.76
4.84 2.74
4.87 2.72
4.91 2.69
4.94 2.67
4.97 2.65
5.01 2.63
5.04 2.61
5.08 2.59
5.11 2.57
5.15 2.55
5.18 2.53
5.22 2.51
5.25 2.49
5.29 2.47
5.32 2.45
5.36 2.43
5.39 2.41
5.43 2.39
5.46 2.37
5.50 2.35
5.53 2.33
5.57 2.31
5.60 2.29
5.64 2.28
5.67 2.26
5.71 2.24
5.74 2.22
5.78 2.20
5.81 2.18
5.85 2.16
5.88 2.14
5.92 2.12
5.95 2.10
5.99 2.08
6.03 2.07
6.06 2.05
6.10 2.03
6.13 2.01
6.17 1.99
6.20 1.97
6.24 1.96
6.27 1.94
6.31 1.92
6.35 1.90
6.38 1.88
6.42 1.86
6.45 1.85
6.49 1.83
6.53 1.81
6.56 1.79
6.60 1.78
6.63 1.76
6.67 1.74
6.71 1.72
6.74 1.71
6.78 1.69
6.81 1.67
6.85 1.65
6.89 1.64
6.92 1.62
6.96 1.60
7.00 1.58
7.03 1.57
7.07 1.55
7.11 1.53
7.14 1.52
7.18 1.50
7.22 1.48
7.25 1.47
7.29 1.45
7.32 1.43
7.36 1.42
7.40 1.40
7.43 1.39
7.47 1.37
7.51 1.35
7.55 1.34
7.58 1.32
7.62 1.31
7.66 1.29
7.69 1.27
7.73 1.26
7.77 1.24
7.80 1.23
7.84 1.21
7.88 1.20
7.91 1.18
7.95 1.17
7.99 1.15
8.03 1.13
8.06 1.12
8.10 1.10
8.14 1.09
8.17 1.07
8.21 1.06
8.25 1.04
8.29 1.03
8.32 1.02
8.36 1.00
8.40 0.99
8.44 0.97
8.47 0.96
8.51 0.94
8.55 0.93
8.59 0.91
8.62 0.90
8.66 0.89
8.70 0.87
8.74 0.86
8.77 0.84
8.81 0.83
8.85 0.82
8.89 0.80
8.93 0.79
8.96 0.78
9.00 0.76
9.04 0.75
9.08 0.74
9.11 0.72
9.15 0.71
9.19 0.70
9.23 0.68
9.27 0.67
9.30 0.66
9.34 0.64
9.38 0.63
9.42 0.62
9.46 0.61
9.49 0.59
9.53 0.58
9.57 0.57
9.61 0.56
9.65 0.54
9.69 0.53
9.72 0.52
9.76 0.51
9.80 0.49
9.84 0.48
9.88 0.47
9.92 0.46
9.95 0.45
9.99 0.43
10.03 0.42
10.07 0.41
10.11 0.40
10.15 0.39
10.18 0.38
10.22 0.37
10.26 0.35
10.30 0.34
10.34 0.33
10.38 0.32
10.42 0.31
10.45 0.30
10.49 0.29
10.53 0.28
10.57 0.27
10.61 0.26
10.65 0.24
10.69 0.23
10.72 0.22
10.76 0.21
10.80 0.20
10.84 0.19
10.88 0.18
10.92 0.17
10.96 0.16
11.00 0.15
11.04 0.14
11.07 0.13
11.11 0.12
11.15 0.11
11.19 0.10
11.23 0.09
11.27 0.08
11.31 0.07
11.35 0.06
11.39 0.06
11.43 0.05
11.46 0.04
11.50 0.03
11.54 0.02
11.58 0.01
11.62 0.00
115
21.85 0.01
21.89 0.02
21.93 0.03
21.97 0.04
22.01 0.04
22.05 0.05
22.09 0.06
22.13 0.07
22.16 0.08
22.20 0.09
22.24 0.10
22.28 0.11
22.32 0.12
22.36 0.13
22.40 0.14
22.44 0.15
22.48 0.16
22.51 0.17
22.55 0.18
22.59 0.19
22.63 0.20
22.67 0.21
22.71 0.22
22.75 0.23
22.79 0.24
22.83 0.25
22.86 0.26
22.90 0.27
22.94 0.29
22.98 0.30
23.02 0.31
23.06 0.32
23.10 0.33
23.13 0.34
23.17 0.35
23.21 0.36
23.25 0.37
23.29 0.39
23.33 0.40
23.37 0.41
23.40 0.42
23.44 0.43
23.48 0.44
23.52 0.46
23.56 0.47
23.60 0.48
23.63 0.49
23.67 0.50
23.71 0.52
23.75 0.53
23.79 0.54
23.82 0.55
23.86 0.57
23.90 0.58
23.94 0.59
23.98 0.60
24.02 0.62
24.05 0.63
24.09 0.64
24.13 0.65
24.17 0.67
24.21 0.68
24.24 0.69
24.28 0.71
24.32 0.72
24.36 0.73
24.40 0.75
24.43 0.76
24.47 0.77
24.51 0.79
24.55 0.80
24.58 0.81
24.62 0.83
24.66 0.84
24.70 0.86
24.73 0.87
24.77 0.88
24.81 0.90
24.85 0.91
24.89 0.93
24.92 0.94
24.96 0.95
25.00 0.97
25.04 0.98
25.07 1.00
25.11 1.01
25.15 1.03
25.18 1.04
25.22 1.06
25.26 1.07
25.30 1.09
25.33 1.10
25.37 1.12
25.41 1.13
25.45 1.15
25.48 1.16
25.52 1.18
25.56 1.19
25.59 1.21
25.63 1.22
25.67 1.24
25.70 1.26
25.74 1.27
25.78 1.29
25.82 1.30
25.85 1.32
25.89 1.33
25.93 1.35
25.96 1.37
26.00 1.38
26.04 1.40
26.07 1.42
26.11 1.43
26.15 1.45
26.18 1.46
948
0.01 14.32
0.02 14.29
0.04 14.26
0.05 14.23
0.06 14.20
0.08 14.17
0.09 14.14
0.11 14.11
0.12 14.08
0.14 14.06
0.15 14.03
0.17 14.00
0.18 13.97
0.20 13.94
0.21 13.91
0.23 13.88
0.24 13.85
0.26 13.83
0.27 13.80
0.29 13.77
0.30 13.74
0.32 13.71
0.33 13.68
0.35 13.65
0.36 13.62
0.38 13.60
0.39 13.57
0.41 13.54
0.42 13.51
0.44 13.48
0.45 13.45
0.47 13.43
0.49 13.40
0.50 13.37
0.52 13.34
0.53 13.31
0.55 13.28
0.57 13.26
0.58 13.23
0.60 13.20
0.61 13.17
0.63 13.14
0.65 13.12
0.66 13.09
0.68 13.06
0.70 13.03
0.71 13.00
0.73 12.98
0.74 12.95
0.76 12.92
0.78 12.89
0.79 12.86
0.81 12.84
0.83 12.81
0.84 12.78
0.86 12.75
0.88 12.73
0.90 12.70
0.91 12.67
0.93 12.64
0.95 12.61
0.96 12.59
0.98 12.56
1.00 12.53
1.02 12.51
1.03 12.48
1.05 12.45
1.07 12.42
1.09 12.40
1.10 12.37
1.12 12.34
1.14 12.31
1.16 12.29
1.17 12.26
1.19 12.23
1.21 12.21
1.23 12.18
1.24 12.15
1.26 12.12
1.28 12.10
1.30 12.07
1.32 12.04
1.34 12.02
1.35 11.99
1.37 11.96
1.39 11.94
1.41 11.91
1.43 11.88
1.45 11.86
1.46 11.83
1.48 11.80
1.50 11.78
1.52 11.75
1.54 11.72
1.56 11.70
1.58 11.67
1.59 11.64
1.61 11.62
1.63 11.59
1.65 11.56
1.67 11.54
1.69 11.51
1.71 11.49
1.73 11.46
1.75 11.43
1.77 11.41
1.78 11.38
1.80 11.36
1.82 11.33
1.84 11.30
1.86 11.28
1.88 11.25
1.90 11.23
1.92 11.20
1.94 11.17
1.96 11.15
1.98 11.12
2.00 11.10
2.02 11.07
2.04 11.05
2.06 11.02
2.08 10.99
2.10 10.97
2.12 10.94
2.14 10.92
2.16 10.89
2.18 10.87
2.20 10.84
2.22 10.82
2.24 10.79
2.26 10.77
2.28 10.74
2.30 10.72
2.32 10.69
2.34 10.67
2.36 10.64
2.38 10.62
2.40 10.59
2.42 10.57
2.45 10.54
2.47 10.52
2.49 10.49
2.51 10.47
2.53 10.44
2.55 10.42
2.57 10.39
2.59 10.37
2.61 10.34
2.63 10.32
2.66 10.29
2.68 10.27
2.70 10.24
2.72 10.22
2.74 10.19
2.76 10.17
2.78 10.15
2.80 10.12
2.83 10.10
2.85 10.07
2.87 10.05
2.89 10.03
2.91 10.00
2.93 9.98
2.96 9.95
2.98 9.93
3.00 9.90
3.02 9.88
3.04 9.86
3.07 9.83
3.09 9.81
3.11 9.79
3.13 9.76
3.15 9.74
3.18 9.71
3.20 9.69
3.22 9.67
3.24 9.64
3.26 9.62
3.29 9.60
3.31 9.57
3.33 9.55
3.35 9.53
3.38 9.50
3.40 9.48
3.42 9.46
3.44 9.43
3.47 9.41
3.49 9.39
3.51 9.36
3.54 9.34
3.56 9.32
3.58 9.30
3.60 9.27
3.63 9.25
3.65 9.23
3.67 9.20
3.70 9.18
3.72 9.16
3.74 9.14
3.77 9.11
3.79 9.09
3.81 9.07
3.84 9.05
3.86 9.02
3.88 9.00
3.91 8.98
3.93 8.96
3.95 8.93
3.98 8.91
4.00 8.89
4.02 8.87
4.05 8.84
4.07 8.82
4.10 8.80
4.12 8.78
4.14 8.76
4.17 8.73
4.19 8.71
4.22 8.69
4.24 8.67
4.26 8.65
4.29 8.63
4.31 8.60
4.34 8.58
4.36 8.56
4.38 8.54
4.41 8.52
4.43 8.50
4.46 8.47
4.48 8.45
4.51 8.43
4.53 8.41
4.55 8.39
4.58 8.37
4.60 8.35
4.63 8.33
4.65 8.31
4.68 8.28
4.70 8.26
4.73 8.24
4.75 8.22
4.78 8.20
4.80 8.18
4.83 8.16
4.85 8.14
4.88 8.12
4.90 8.10
4.93 8.08
4.95 8.06
4.98 8.03
5.00 8.01
5.03 7.99
5.05 7.97
5.08 7.95
5.10 7.93
5.13 7.91
5.15 7.89
5.18 7.87
5.20 7.85
5.23 7.83
5.25 7.81
5.28 7.79
5.31 7.77
5.33 7.75
5.36 7.73
5.38 7.71
5.41 7.69
5.43 7.67
5.46 7.65
5.49 7.63
5.51 7.61
5.54 7.59
5.56 7.58
5.59 7.56
5.62 7.54
5.64 7.52
5.67 7.50
5.69 7.48
5.72 7.46
5.75 7.44
5.77 7.42
5.80 7.40
5.82 7.38
5.85 7.36
5.88 7.34
5.90 7.33
5.93 7.31
5.96 7.29
5.98 7.27
6.01 7.25
6.04 7.23
6.06 7.21
6.09 7.19
6.12 7.18
6.14 7.16
6.17 7.14
6.20 7.12
6.22 7.10
6.25 7.08
6.28 7.07
6.30 7.05
6.33 7.03
6.36 7.01
6.38 6.99
6.41 6.98
6.44 6.96
6.46 6.94
6.49 6.92
6.52 6.90
6.55 6.89
6.57 6.87
6.60 6.85
6.63 6.83
6.65 6.82
6.68 6.80
6.71 6.78
6.74 6.76
6.76 6.75
6.79 6.73
6.82 6.71
6.85 6.69
6.87 6.68
6.90 6.66
6.93 6.64
6.96 6.63
6.98 6.61
7.01 6.59
7.04 6.57
7.07 6.56
7.09 6.54
7.12 6.52
7.15 6.51
7.18 6.49
7.21 6.47
7.23 6.46
7.26 6.44
7.29 6.42
7.32 6.41
7.34 6.39
7.37 6.38
7.40 6.36
7.43 6.34
7.46 6.33
7.49 6.31
7.51 6.29
7.54 6.28
7.57 6.26
7.60 6.25
7.63 6.23
7.65 6.21
7.68 6.20
7.71 6.18
7.74 6.17
7.77 6.15
7.80 6.14
7.82 6.12
7.85 6.10
7.88 6.09
7.91 6.07
7.94 6.06
7.97 6.04
8.00 6.03
8.02 6.01
8.05 6.00
8.08 5.98
8.11 5.97
8.14 5.95
8.17 5.94
8.20 5.92
8.23 5.91
8.25 5.89
8.28 5.88
8.31 5.86
8.34 5.85
8.37 5.83
8.40 5.82
8.43 5.81
8.46 5.79
8.49 5.78
8.52 5.76
8.54 5.75
8.57 5.73
8.60 5.72
8.63 5.71
8.66 5.69
8.69 5.68
8.72 5.66
8.75 5.65
8.78 5.64
8.81 5.62
8.84 5.61
8.87 5.59
8.90 5.58
8.93 5.57
8.95 5.55
8.98 5.54
9.01 5.53
9.04 5.51
9.07 5.50
9.10 5.49
9.13 5.47
9.16 5.46
9.19 5.45
9.22 5.43
9.25 5.42
9.28 5.41
9.31 5.39
9.34 5.38
9.37 5.37
9.40 5.36
9.43 5.34
9.46 5.33
9.49 5.32
9.52 5.30
9.55 5.29
9.58 5.28
9.61 5.27
9.64 5.26
9.67 5.24
9.70 5.23
9.73 5.22
9.76 5.21
9.79 5.19
9.82 5.18
9.85 5.17
9.88 5.16
9.91 5.15
9.94 5.13
9.97 5.12
10.00 5.11
10.03 5.10
10.06 5.09
10.09 5.08
10.12 5.06
10.15 5.05
10.18 5.04
10.21 5.03
10.24 5.02
10.27 5.01
10.30 5.00
10.33 4.98
10.36 4.97
10.39 4.96
10.42 4.95
10.46 4.94
10.49 4.93
10.52 4.92
10.55 4.91
10.58 4.90
10.61 4.89
10.64 4.88
10.67 4.87
10.70 4.85
10.73 4.84
10.76 4.83
10.79 4.82
10.82 4.81
10.85 4.80
10.88 4.79
10.92 4.78
10.95 4.77
10.98 4.76
11.01 4.75
11.04 4.74
11.07 4.73
11.10 4.72
11.13 4.71
11.16 4.70
11.19 4.69
11.22 4.68
11.25 4.67
11.29 4.66
11.32 4.66
11.35 4.65
11.38 4.64
11.41 4.63
11.44 4.62
11.47 4.61
11.50 4.60
11.53 4.59
11.57 4.58
11.60 4.57
11.63 4.56
11.66 4.55
11.69 4.55
11.72 4.54
11.75 4.53
11.78 4.52
11.82 4.51
11.85 4.50
11.88 4.49
11.91 4.49
11.94 4.48
11.97 4.47
12.00 4.46
12.03 4.45
12.07 4.44
12.10 4.44
12.13 4.43
12.16 4.42
12.19 4.41
12.22 4.40
12.25 4.40
12.29 4.39
12.32 4.38
12.35 4.37
12.38 4.37
12.41 4.36
12.44 4.35
12.48 4.34
12.51 4.34
12.54 4.33
12.57 4.32
12.60 4.31
12.63 4.31
12.66 4.30
12.70 4.29
12.73 4.29
12.76 4.28
12.79 4.27
12.82 4.27
12.85 4.26
12.89 4.25
12.92 4.25
12.95 4.24
12.98 4.23
13.01 4.23
13.05 4.22
13.08 4.21
13.11 4.21
13.14 4.20
13.17 4.19
13.20 4.19
13.24 4.18
13.27 4.18
13.30 4.17
13.33 4.16
13.36 4.16
13.40 4.15
13.43 4.15
13.46 4.14
13.49 4.13
13.52 4.13
13.56 4.12
13.59 4.12
13.62 4.11
13.65 4.11
13.68 4.10
13.72 4.10
13.75 4.09
13.78 4.09
13.81 4.08
13.84 4.08
13.88 4.07
13.91 4.07
13.94 4.06
13.97 4.06
14.00 4.05
14.04 4.05
14.07 4.04
14.10 4.04
14.13 4.03
14.16 4.03
14.20 4.02
14.23 4.02
14.26 4.02
14.29 4.01
14.32 4.01
14.36 4.00
14.39 4.00
14.42 4.00
14.45 3.99
14.49 3.99
14.52 3.98
14.55 3.98
14.58 3.98
14.61 3.97
14.65 3.97
14.68 3.96
14.71 3.96
14.74 3.96
14.78 3.95
14.81 3.95
14.84 3.95
14.87 3.94
14.90 3.94
14.94 3.94
14.97 3.93
15.00 3.93
15.03 3.93
15.07 3.93
15.10 3.92
15.13 3.92
15.16 3.92
15.20 3.91
15.23 3.91
15.26 3.91
15.29 3.91
15.32 3.90
15.36 3.90
15.39 3.90
15.42 3.90
15.45 3.90
15.49 3.89
15.52 3.89
15.55 3.89
15.58 3.89
15.62 3.89
15.65 3.88
15.68 3.88
15.71 3.88
15.75 3.88
15.78 3.88
15.81 3.87
15.84 3.87
15.87 3.87
15.91 3.87
15.94 3.87
15.97 3.87
16.00 3.87
16.04 3.86
16.07 3.86
16.10 3.86
16.13 3.86
16.17 3.86
16.20 3.86
16.23 3.86
16.26 3.86
16.30 3.86
16.33 3.86
16.36 3.86
16.39 3.86
16.43 3.85
16.46 3.85
16.49 3.85
16.52 3.85
16.56 3.85
16.59 3.85
16.62 3.85
16.65 3.85
16.69 3.85
16.72 3.85
16.75 3.85
16.78 3.85
16.81 3.85
16.85 3.85
16.88 3.85
16.91 3.85
16.94 3.85
16.98 3.85
17.01 3.85
17.04 3.86
17.07 3.86
17.11 3.86
17.14 3.86
17.17 3.86
17.20 3.86
17.24 3.86
17.27 3.86
17.30 3.86
17.33 3.86
17.37 3.86
17.40 3.86
17.43 3.87
17.46 3.87
17.50 3.87
17.53 3.87
17.56 3.87
17.59 3.87
17.62 3.87
17.66 3.88
17.69 3.88
17.72 3.88
17.75 3.88
17.79 3.88
17.82 3.88
17.85 3.89
17.88 3.89
17.92 3.89
17.95 3.89
17.98 3.90
18.01 3.90
18.05 3.90
18.08 3.90
18.11 3.90
18.14 3.91
18.18 3.91
18.21 3.91
18.24 3.91
18.27 3.92
18.30 3.92
18.34 3.92
18.37 3.93
18.40 3.93
18.43 3.93
18.47 3.93
18.50 3.94
18.53 3.94
18.56 3.94
18.59 3.95
18.63 3.95
18.66 3.95
18.69 3.96
18.72 3.96
18.76 3.96
18.79 3.97
18.82 3.97
18.85 3.98
18.88 3.98
18.92 3.98
18.95 3.99
18.98 3.99
19.01 3.99
19.05 4.00
19.08 4.00
19.11 4.01
19.14 4.01
19.17 4.02
19.21 4.02
19.24 4.02
19.27 4.03
19.30 4.03
19.34 4.04
19.37 4.04
19.40 4.05
19.43 4.05
19.46 4.06
19.50 4.06
19.53 4.07
19.56 4.07
19.59 4.08
19.62 4.08
19.66 4.09
19.69 4.09
19.72 4.10
19.75 4.10
19.78 4.11
19.82 4.11
19.85 4.12
19.88 4.12
19.91 4.13
19.94 4.13
19.98 4.14
20.01 4.15
20.04 4.15
20.07 4.16
20.10 4.16
20.13 4.17
20.17 4.17
20.20 4.18
20.23 4.19
20.26 4.19
20.29 4.20
20.33 4.21
20.36 4.21
20.39 4.22
20.42 4.22
20.45 4.23
20.48 4.24
20.52 4.24
20.55 4.25
20.58 4.26
20.61 4.26
20.64 4.27
20.68 4.28
20.71 4.29
20.74 4.29
20.77 4.30
20.80 4.31
20.83 4.31
20.86 4.32
20.90 4.33
20.93 4.34
20.96 4.34
20.99 4.35
21.02 4.36
21.05 4.37
21.09 4.37
21.12 4.38
21.15 4.39
21.18 4.40
21.21 4.40
21.24 4.41
21.27 4.42
21.31 4.43
21.34 4.44
21.37 4.44
21.40 4.45
21.43 4.46
21.46 4.47
21.49 4.48
21.53 4.48
21.56 4.49
21.59 4.50
21.62 4.51
21.65 4.52
21.68 4.53
21.71 4.54
21.74 4.54
21.78 4.55
21.81 4.56
21.84 4.57
21.87 4.58
21.90 4.59
21.93 4.60
21.96 4.61
21.99 4.62
22.02 4.63
22.06 4.64
22.09 4.64
22.12 4.65
22.15 4.66
22.18 4.67
22.21 4.68
22.24 4.69
22.27 4.70
22.30 4.71
22.33 4.72
22.37 4.73
22.40 4.74
22.43 4.75
22.46 4.76
22.49 4.77
22.52 4.78
22.55 4.79
22.58 4.80
22.61 4.81
22.64 4.82
22.67 4.83
22.70 4.84
22.74 4.85
22.77 4.86
22.80 4.87
22.83 4.88
22.86 4.90
22.89 4.91
22.92 4.92
22.95 4.93
22.98 4.94
23.01 4.95
23.04 4.96
23.07 4.97
23.10 4.98
23.13 4.99
23.16 5.01
23.19 5.02
23.22 5.03
23.25 5.04
23.28 5.05
23.31 5.06
23.34 5.07
23.38 5.09
23.41 5.10
23.44 5.11
23.47 5.12
23.50 5.13
23.53 5.14
23.56 5.16
23.59 5.17
23.62 5.18
23.65 5.19
23.68 5.20
23.71 5.22
23.74 5.23
23.77 5.24
23.80 5.25
23.83 5.27
23.86 5.28
23.89 5.29
23.92 5.30
23.95 5.32
23.98 5.33
24.01 5.34
24.04 5.35
24.07 5.37
24.10 5.38
24.13 5.39
24.16 5.41
24.18 5.42
24.21 5.43
24.24 5.44
24.27 5.46
24.30 5.47
24.33 5.48
24.36 5.50
24.39 5.51
24.42 5.52
24.45 5.54
24.48 5.55
24.51 5.56
24.54 5.58
24.57 5.59
24.60 5.61
24.63 5.62
24.66 5.63
24.69 5.65
24.72 5.66
24.74 5.67
24.77 5.69
24.80 5.70
24.83 5.72
24.86 5.73
24.89 5.75
24.92 5.76
24.95 5.77
24.98 5.79
25.01 5.80
25.04 5.82
25.07 5.83
25.09 5.85
25.12 5.86
25.15 5.88
25.18 5.89
25.21 5.91
25.24 5.92
25.27 5.94
25.30 5.95
25.32 5.97
25.35 5.98
25.38 6.00
25.41 6.01
25.44 6.03
25.47 6.04
25.50 6.06
25.53 6.07
25.55 6.09
25.58 6.10
25.61 6.12
25.64 6.13
25.67 6.15
25.70 6.16
25.72 6.18
25.75 6.20
25.78 6.21
25.81 6.23
25.84 6.24
25.87 6.26
25.89 6.28
25.92 6.29
25.95 6.31
25.98 6.32
26.01 6.34
26.03 6.36
26.06 6.37
26.09 6.39
26.12 6.41
26.15 6.42
26.17 6.44
1155
2.74 18.58
2.75 18.56
2.75 18.53
2.76 18.51
2.77 18.48
2.77 18.46
2.78 18.44
2.79 18.41
2.79 18.39
2.80 18.36
2.81 18.34
2.82 18.31
2.82 18.29
2.83 18.27
2.84 18.24
2.85 18.22
2.85 18.19
2.86 18.17
2.87 18.14
2.87 18.12
2.88 18.10
2.89 18.07
2.90 18.05
2.91 18.02
2.91 18.00
2.92 17.98
2.93 17.95
2.94 17.93
2.94 17.90
2.95 17.88
2.96 17.85
2.97 17.83
2.98 17.81
2.98 17.78
2.99 17.76
3.00 17.73
3.01 17.71
3.02 17.69
3.03 17.66
3.03 17.64
3.04 17.62
3.05 17.59
3.06 17.57
3.07 17.54
3.08 17.52
3.08 17.50
3.09 17.47
3.10 17.45
3.11 17.42
3.12 17.40
3.13 17.38
3.14 17.35
3.15 17.33
3.15 17.31
3.16 17.28
3.17 17.26
3.18 17.24
3.19 17.21
3.20 17.19
3.21 17.16
3.22 17.14
3.23 17.12
3.24 17.09
3.25 17.07
3.26 17.05
3.27 17.02
3.27 17.00
3.28 16.98
3.29 16.95
3.30 16.93
3.31 16.91
3.32 16.88
3.33 16.86
3.34 16.84
3.35 16.81
3.36 16.79
3.37 16.77
3.38 16.74
3.39 16.72
3.40 16.70
3.41 16.67
3.42 16.65
3.43 16.63
3.44 16.60
3.45 16.58
3.46 16.56
3.47 16.53
3.48 16.51
3.49 16.49
3.50 16.46
3.51 16.44
3.52 16.42
3.53 16.40
3.55 16.37
3.56 16.35
3.57 16.33
3.58 16.30
3.59 16.28
3.60 16.26
3.61 16.23
3.62 16.21
3.63 16.19
3.64 16.17
3.65 16.14
3.66 16.12
3.68 16.10
3.69 16.08
3.70 16.05
3.71 16.03
3.72 16.01
3.73 15.98
3.74 15.96
3.75 15.94
3.76 15.92
3.78 15.89
3.79 15.87
3.80 15.85
3.81 15.83
3.82 15.80
3.83 15.78
3.85 15.76
3.86 15.74
3.87 15.71
3.88 15.69
3.89 15.67
3.90 15.65
3.92 15.62
3.93 15.60
3.94 15.58
3.95 15.56
3.96 15.53
3.98 15.51
3.99 15.49
4.00 15.47
4.01 15.45
4.02 15.42
4.04 15.40
4.05 15.38
4.06 15.36
4.07 15.34
4.09 15.31
4.10 15.29
4.11 15.27
4.12 15.25
4.14 15.23
4.15 15.20
4.16 15.18
4.17 15.16
4.19 15.14
4.20 15.12
4.21 15.09
4.22 15.07
4.24 15.05
4.25 15.03
4.26 15.01
4.28 14.99
4.29 14.96
4.30 14.94
4.32 14.92
4.33 14.90
4.34 14.88
4.36 14.86
4.37 14.83
4.38 14.81
4.40 14.79
4.41 14.77
4.42 14.75
4.44 14.73
4.45 14.70
4.46 14.68
4.48 14.66
4.49 14.64
4.50 14.62
4.52 14.60
4.53 14.58
4.54 14.56
4.56 14.53
4.57 14.51
4.59 14.49
4.60 14.47
4.61 14.45
4.63 14.43
4.64 14.41
4.66 14.39
4.67 14.37
4.68 14.34
4.70 14.32
4.71 14.30
4.73 14.28
4.74 14.26
4.75 14.24
4.77 14.22
4.78 14.20
4.80 14.18
4.81 14.16
4.83 14.14
4.84 14.11
4.86 14.09
4.87 14.07
4.88 14.05
4.90 14.03
4.91 14.01
4.93 13.99
4.94 13.97
4.96 13.95
4.97 13.93
4.99 13.91
5.00 13.89
5.02 13.87
5.03 13.85
5.05 13.83
5.06 13.81
5.08 13.79
5.09 13.77
5.11 13.75
5.12 13.73
5.14 13.70
5.15 13.68
5.17 13.66
5.18 13.64
5.20 13.62
5.21 13.60
5.23 13.58
5.25 13.56
5.26 13.54
5.28 13.52
5.29 13.50
5.31 13.48
5.32 13.46
5.34 13.44
5.35 13.42
5.37 13.40
5.39 13.38
5.40 13.37
5.42 13.35
5.43 13.33
5.45 13.31
5.47 13.29
5.48 13.27
5.50 13.25
5.51 13.23
5.53 13.21
5.55 13.19
5.56 13.17
5.58 13.15
5.59 13.13
5.61 13.11
5.63 13.09
5.64 13.07
5.66 13.05
5.68 13.03
5.69 13.01
5.71 12.99
5.73 12.98
5.74 12.96
5.76 12.94
5.77 12.92
5.79 12.90
5.81 12.88
5.82 12.86
5.84 12.84
5.86 12.82
5.88 12.80
5.89 12.79
5.91 12.77
5.93 12.75
5.94 12.73
5.96 12.71
5.98 12.69
5.99 12.67
6.01 12.65
6.03 12.64
6.04 12.62
6.06 12.60
6.08 12.58
6.10 12.56
6.11 12.54
6.13 12.52
6.15 12.51
6.17 12.49
6.18 12.47
6.20 12.45
6.22 12.43
6.24 12.41
6.25 12.39
6.27 12.38
6.29 12.36
6.31 12.34
6.32 12.32
6.34 12.30
6.36 12.29
6.38 12.27
6.39 12.25
6.41 12.23
6.43 12.21
6.45 12.20
6.47 12.18
6.48 12.16
6.50 12.14
6.52 12.12
6.54 12.11
6.55 12.09
6.57 12.07
6.59 12.05
6.61 12.04
6.63 12.02
6.65 12.00
6.66 11.98
6.68 11.97
6.70 11.95
6.72 11.93
6.74 11.91
6.76 11.90
6.77 11.88
6.79 11.86
6.81 11.84
6.83 11.83
6.85 11.81
6.87 11.79
6.88 11.77
6.90 11.76
6.92 11.74
6.94 11.72
6.96 11.71
6.98 11.69
7.00 11.67
7.02 11.66
7.03 11.64
7.05 11.62
7.07 11.60
7.09 11.59
7.11 11.57
7.13 11.55
7.15 11.54
7.17 11.52
7.19 11.50
7.21 11.49
7.22 11.47
7.24 11.45
7.26 11.44
7.28 11.42
7.30 11.40
7.32 11.39
7.34 11.37
7.36 11.36
7.38 11.34
7.40 11.32
7.42 11.31
7.44 11.29
7.46 11.27
7.48 11.26
7.49 11.24
7.51 11.23
7.53 11.21
7.55 11.19
7.57 11.18
7.59 11.16
7.61 11.15
7.63 11.13
7.65 11.11
7.67 11.10
7.69 11.08
7.71 11.07
7.73 11.05
7.75 11.04
7.77 11.02
7.79 11.00
7.81 10.99
7.83 10.97
7.85 10.96
7.87 10.94
7.89 10.93
7.91 10.91
7.93 10.90
7.95 10.88
7.97 10.87
7.99 10.85
8.01 10.84
8.03 10.82
8.05 10.80
8.07 10.79
8.09 10.77
8.11 10.76
8.13 10.74
8.15 10.73
8.17 10.71
8.20 10.70
8.22 10.69
8.24 10.67
8.26 10.66
8.28 10.64
8.30 10.63
8.32 10.61
8.34 10.60
8.36 10.58
8.38 10.57
8.40 10.55
8.42 10.54
8.44 10.52
8.46 10.51
8.48 10.50
8.51 10.48
8.53 10.47
8.55 10.45
8.57 10.44
8.59 10.42
8.61 10.41
8.63 10.40
8.65 10.38
8.67 10.37
8.69 10.35
8.71 10.34
8.74 10.33
8.76 10.31
8.78 10.30
8.80 10.28
8.82 10.27
8.84 10.26
8.86 10.24
8.88 10.23
8.91 10.22
8.93 10.20
8.95 10.19
8.97 10.17
8.99 10.16
9.01 10.15
9.03 10.13
9.06 10.12
9.08 10.11
9.10 10.09
9.12 10.08
9.14 10.07
9.16 10.05
9.18 10.04
9.21 10.03
9.23 10.01
9.25 10.00
9.27 9.99
9.29 9.98
9.32 9.96
9.34 9.95
9.36 9.94
9.38 9.92
9.40 9.91
9.42 9.90
9.45 9.89
9.47 9.87
9.49 9.86
9.51 9.85
9.53 9.84
9.56 9.82
9.58 9.81
9.60 9.80
9.62 9.79
9.64 9.77
9.67 9.76
9.69 9.75
9.71 9.74
9.73 9.72
9.75 9.71
9.78 9.70
9.80 9.69
9.82 9.68
9.84 9.66
9.87 9.65
9.89 9.64
9.91 9.63
9.93 9.62
9.96 9.60
9.98 9.59
10.00 9.58
10.02 9.57
10.05 9.56
10.07 9.55
10.09 9.53
10.11 9.52
10.14 9.51
10.16 9.50
10.18 9.49
10.20 9.48
10.23 9.47
10.25 9.45
10.27 9.44
10.29 9.43
10.32 9.42
10.34 9.41
10.36 9.40
10.38 9.39
10.41 9.38
10.43 9.36
10.45 9.35
10.48 9.34
10.50 9.33
10.52 9.32
10.54 9.31
10.57 9.30
10.59 9.29
10.61 9.28
10.64 9.27
10.66 9.26
10.68 9.25
10.70 9.24
10.73 9.23
10.75 9.21
10.77 9.20
10.80 9.19
10.82 9.18
10.84 9.17
10.87 9.16
10.89 9.15
10.91 9.14
10.94 9.13
10.96 9.12
10.98 9.11
11.01 9.10
11.03 9.09
11.05 9.08
11.08 9.07
11.10 9.06
11.12 9.05
11.15 9.04
11.17 9.03
11.19 9.02
11.22 9.01
11.24 9.01
11.26 9.00
11.29 8.99
11.31 8.98
11.33 8.97
11.36 8.96
11.38 8.95
11.40 8.94
11.43 8.93
11.45 8.92
11.47 8.91
11.50 8.90
11.52 8.89
11.55 8.88
11.57 8.88
11.59 8.87
11.62 8.86
11.64 8.85
11.66 8.84
11.69 8.83
11.71 8.82
11.73 8.81
11.76 8.80
11.78 8.80
11.81 8.79
11.83 8.78
11.85 8.77
11.88 8.76
11.90 8.75
11.93 8.75
11.95 8.74
11.97 8.73
12.00 8.72
12.02 8.71
12.05 8.70
12.07 8.70
12.09 8.69
12.12 8.68
12.14 8.67
12.17 8.66
12.19 8.66
12.21 8.65
12.24 8.64
12.26 8.63
12.29 8.62
12.31 8.62
12.33 8.61
12.36 8.60
12.38 8.59
12.41 8.59
12.43 8.58
12.45 8.57
12.48 8.56
12.50 8.56
12.53 8.55
12.55 8.54
12.58 8.53
12.60 8.53
12.62 8.52
12.65 8.51
12.67 8.51
12.70 8.50
12.72 8.49
12.75 8.48
12.77 8.48
12.79 8.47
12.82 8.46
12.84 8.46
12.87 8.45
12.89 8.44
12.92 8.44
12.94 8.43
12.97 8.42
12.99 8.42
13.01 8.41
13.04 8.40
13.06 8.40
13.09 8.39
13.11 8.39
13.14 8.38
13.16 8.37
13.19 8.37
13.21 8.36
13.23 8.35
13.26 8.35
13.28 8.34
13.31 8.34
13.33 8.33
13.36 8.32
13.38 8.32
13.41 8.31
13.43 8.31
13.46 8.30
13.48 8.30
13.51 8.29
13.53 8.28
13.55 8.28
13.58 8.27
13.60 8.27
13.63 8.26
13.65 8.26
13.68 8.25
13.70 8.25
13.73 8.24
13.75 8.24
13.78 8.23
13.80 8.23
13.83 8.22
13.85 8.22
13.88 8.21
13.90 8.21
13.93 8.20
13.95 8.20
13.98 8.19
14.00 8.19
14.03 8.18
14.05 8.18
14.08 8.17
14.10 8.17
14.13 8.16
14.15 8.16
14.18 8.15
14.20 8.15
14.22 8.15
14.25 8.14
14.27 8.14
14.30 8.13
14.32 8.13
14.35 8.12
14.37 8.12
14.40 8.12
14.42 8.11
14.45 8.11
14.47 8.10
14.50 8.10
14.52 8.10
14.55 8.09
14.57 8.09
14.60 8.09
14.62 8.08
14.65 8.08
14.67 8.07
14.70 8.07
14.73 8.07
14.75 8.06
14.78 8.06
14.80 8.06
14.83 8.05
14.85 8.05
14.88 8.05
14.90 8.04
14.93 8.04
14.95 8.04
14.98 8.03
15.00 8.03
15.03 8.03
15.05 8.03
15.08 8.02
15.10 8.02
15.13 8.02
15.15 8.01
15.18 8.01
15.20 8.01
15.23 8.01
15.25 8.00
15.28 8.00
15.30 8.00
15.33 8.00
15.35 7.99
15.38 7.99
15.40 7.99
15.43 7.99
15.45 7.98
15.48 7.98
15.50 7.98
15.53 7.98
15.56 7.98
15.58 7.97
15.61 7.97
15.63 7.97
15.66 7.97
15.68 7.97
15.71 7.96
15.73 7.96
15.76 7.96
15.78 7.96
15.81 7.96
15.83 7.96
15.86 7.96
15.88 7.95
15.91 7.95
15.93 7.95
15.96 7.95
15.98 7.95
16.01 7.95
16.03 7.95
16.06 7.94
16.09 7.94
16.11 7.94
16.14 7.94
16.16 7.94
16.19 7.94
16.21 7.94
16.24 7.94
16.26 7.94
16.29 7.94
16.31 7.94
16.34 7.93
16.36 7.93
16.39 7.93
16.41 7.93
16.44 7.93
16.46 7.93
16.49 7.93
16.52 7.93
16.54 7.93
16.57 7.93
16.59 7.93
16.62 7.93
16.64 7.93
16.67 7.93
16.69 7.93
16.72 7.93
16.74 7.93
16.77 7.93
16.79 7.93
16.82 7.93
16.84 7.93
16.87 7.93
16.90 7.93
16.92 7.93
16.95 7.93
16.97 7.93
17.00 7.93
17.02 7.93
17.05 7.93
17.07 7.93
17.10 7.93
17.12 7.94
17.15 7.94
17.17 7.94
17.20 7.94
17.22 7.94
17.25 7.94
17.27 7.94
17.30 7.94
17.33 7.94
17.35 7.94
17.38 7.94
17.40 7.95
17.43 7.95
17.45 7.95
17.48 7.95
17.50 7.95
17.53 7.95
17.55 7.95
17.58 7.95
17.60 7.96
17.63 7.96
17.65 7.96
17.68 7.96
17.70 7.96
17.73 7.96
17.75 7.97
17.78 7.97
17.81 7.97
17.83 7.97
17.86 7.97
17.88 7.98
17.91 7.98
17.93 7.98
17.96 7.98
17.98 7.98
18.01 7.99
18.03 7.99
18.06 7.99
18.08 7.99
18.11 8.00
18.13 8.00
18.16 8.00
18.18 8.00
18.21 8.01
18.23 8.01
18.26 8.01
18.28 8.01
18.31 8.02
18.33 8.02
18.36 8.02
18.38 8.03
18.41 8.03
18.43 8.03
18.46 8.03
18.49 8.04
18.51 8.04
18.54 8.04
18.56 8.05
18.59 8.05
18.61 8.05
18.64 8.06
18.66 8.06
18.69 8.06
18.71 8.07
18.74 8.07
18.76 8.07
18.79 8.08
18.81 8.08
18.84 8.08
18.86 8.09
18.89 8.09
18.91 8.10
18.94 8.10
18.96 8.10
18.99 8.11
19.01 8.11
19.04 8.12
19.06 8.12
19.09 8.12
19.11 8.13
19.14 8.13
19.16 8.14
19.19 8.14
19.21 8.15
19.24 8.15
19.26 8.15
19.29 8.16
19.31 8.16
19.34 8.17
19.36 8.17
19.39 8.18
19.41 8.18
19.44 8.19
19.46 8.19
19.48 8.20
19.51 8.20
19.53 8.21
19.56 8.21
19.58 8.22
19.61 8.22
19.63 8.23
19.66 8.23
19.68 8.24
19.71 8.24
19.73 8.25
19.76 8.25
19.78 8.26
19.81 8.26
19.83 8.27
19.86 8.27
19.88 8.28
19.91 8.28
19.93 8.29
19.96 8.29
19.98 8.30
20.00 8.31
20.03 8.31
20.05 8.32
20.08 8.32
20.10 8.33
20.13 8.34
20.15 8.34
20.18 8.35
20.20 8.35
20.23 8.36
20.25 8.37
20.28 8.37
20.30 8.38
20.32 8.38
20.35 8.39
20.37 8.40
20.40 8.40
20.42 8.41
20.45 8.42
20.47 8.42
20.50 8.43
20.52 8.44
20.54 8.44
20.57 8.45
20.59 8.46
20.62 8.46
20.64 8.47
20.67 8.48
20.69 8.48
20.71 8.49
20.74 8.50
20.76 8.50
20.79 8.51
20.81 8.52
20.84 8.53
20.86 8.53
20.88 8.54
20.91 8.55
20.93 8.56
20.96 8.56
20.98 8.57
21.01 8.58
21.03 8.58
21.05 8.59
21.08 8.60
21.10 8.61
21.13 8.62
21.15 8.62
21.17 8.63
21.20 8.64
21.22 8.65
21.25 8.65
21.27 8.66
21.30 8.67
21.32 8.68
21.34 8.69
21.37 8.69
21.39 8.70
21.42 8.71
21.44 8.72
21.46 8.73
21.49 8.74
21.51 8.74
21.53 8.75
21.56 8.76
21.58 8.77
21.61 8.78
21.63 8.79
21.65 8.79
21.68 8.80
21.70 8.81
21.73 8.82
21.75 8.83
21.77 8.84
21.80 8.85
21.82 8.86
21.84 8.86
21.87 8.87
21.89 8.88
21.91 8.89
21.94 8.90
21.96 8.91
21.99 8.92
22.01 8.93
22.03 8.94
22.06 8.95
22.08 8.96
22.10 8.97
22.13 8.98
22.15 8.98
22.17 8.99
22.20 9.00
22.22 9.01
22.24 9.02
22.27 9.03
22.29 9.04
22.31 9.05
22.34 9.06
22.36 9.07
22.38 9.08
22.41 9.09
22.43 9.10
22.45 9.11
22.48 9.12
22.50 9.13
22.52 9.14
22.55 9.15
22.57 9.16
22.59 9.17
22.62 9.18
22.64 9.19
22.66 9.20
22.69 9.21
22.71 9.22
22.73 9.23
22.75 9.24
22.78 9.26
22.80 9.27
22.82 9.28
22.85 9.29
22.87 9.30
22.89 9.31
22.92 9.32
22.94 9.33
22.96 9.34
22.98 9.35
23.01 9.36
23.03 9.37
23.05 9.39
23.07 9.40
23.10 9.41
23.12 9.42
23.14 9.43
23.17 9.44
23.19 9.45
23.21 9.46
23.23 9.47
23.26 9.49
23.28 9.50
23.30 9.51
23.32 9.52
23.35 9.53
23.37 9.54
23.39 9.56
23.41 9.57
23.44 9.58
23.46 9.59
23.48 9.60
23.50 9.61
23.53 9.63
23.55 9.64
23.57 9.65
23.59 9.66
23.62 9.67
23.64 9.69
23.66 9.70
23.68 9.71
23.70 9.72
23.73 9.73
23.75 9.75
23.77 9.76
23.79 9.77
23.81 9.78
23.84 9.80
23.86 9.81
23.88 9.82
23.90 9.83
23.92 9.85
23.95 9.86
23.97 9.87
23.99 9.88
24.01 9.90
24.03 9.91
24.06 9.92
24.08 9.93
24.10 9.95
24.12 9.96
24.14 9.97
24.16 9.99
24.19 10.00
24.21 10.01
24.23 10.03
24.25 10.04
24.27 10.05
24.29 10.07
24.32 10.08
24.34 10.09
24.36 10.11
24.38 10.12
24.40 10.13
24.42 10.15
24.45 10.16
24.47 10.17
24.49 10.19
24.51 10.20
24.53 10.21
24.55 10.23
24.57 10.24
24.59 10.25
24.62 10.27
24.64 10.28
24.66 10.30
24.68 10.31
24.70 10.32
24.72 10.34
24.74 10.35
24.76 10.37
24.78 10.38
24.81 10.39
24.83 10.41
24.85 10.42
24.87 10.44
24.89 10.45
24.91 10.46
24.93 10.48
24.95 10.49
24.97 10.51
24.99 10.52
25.01 10.54
25.04 10.55
25.06 10.57
25.08 10.58
25.10 10.59
25.12 10.61
25.14 10.62
25.16 10.64
25.18 10.65
25.20 10.67
25.22 10.68
25.24 10.70
25.26 10.71
25.28 10.73
25.30 10.74
25.32 10.76
25.34 10.77
25.36 10.79
25.38 10.80
25.40 10.82
25.42 10.83
25.45 10.85
25.47 10.86
25.49 10.88
25.51 10.89
25.53 10.91
25.55 10.92
25.57 10.94
25.59 10.96
25.61 10.97
25.63 10.99
25.65 11.00
25.67 11.02
25.69 11.03
25.71 11.05
25.73 11.06
25.75 11.08
25.77 11.10
25.78 11.11
25.80 11.13
25.82 11.14
25.84 11.16
25.86 11.18
25.88 11.19
25.90 11.21
25.92 11.22
25.94 11.24
25.96 11.26
25.98 11.27
26.00 11.29
26.02 11.30
26.04 11.32
26.06 11.34
26.08 11.35
26.10 11.37
26.12 11.39
26.14 11.40
26.16 11.42
26.17 11.44
26.19 11.45
1316
6.76 18.59
6.77 18.57
6.77 18.55
6.78 18.54
6.79 18.52
6.79 18.50
6.80 18.48
6.81 18.47
6.81 18.45
6.82 18.43
6.83 18.42
6.84 18.40
6.84 18.38
6.85 18.36
6.86 18.35
6.86 18.33
6.87 18.31
6.88 18.29
6.89 18.28
6.89 18.26
6.90 18.24
6.91 18.23
6.91 18.21
6.92 18.19
6.93 18.17
6.94 18.16
6.94 18.14
6.95 18.12
6.96 18.11
6.97 18.09
6.97 18.07
6.98 18.06
6.99 18.04
7.00 18.02
7.01 18.00
7.01 17.99
7.02 17.97
7.03 17.95
7.04 17.94
7.04 17.92
7.05 17.90
7.06 17.89
7.07 17.87
7.08 17.85
7.08 17.84
7.09 17.82
7.10 17.80
7.11 17.79
7.12 17.77
7.12 17.75
7.13 17.73
7.14 17.72
7.15 17.70
7.16 17.68
7.17 17.67
7.17 17.65
7.18 17.63
7.19 17.62
7.20 17.60
7.21 17.58
7.22 17.57
7.22 17.55
7.23 17.54
7.24 17.52
7.25 17.50
7.26 17.49
7.27 17.47
7.28 17.45
7.29 17.44
7.29 17.42
7.30 17.40
7.31 17.39
7.32 17.37
7.33 17.35
7.34 17.34
7.35 17.32
7.36 17.30
7.36 17.29
7.37 17.27
7.38 17.26
7.39 17.24
7.40 17.22
7.41 17.21
7.42 17.19
7.43 17.17
7.44 17.16
7.45 17.14
7.46 17.13
7.47 17.11
7.47 17.09
7.48 17.08
7.49 17.06
7.50 17.05
7.51 17.03
7.52 17.01
7.53 17.00
7.54 16.98
7.55 16.97
7.56 16.95
7.57 16.93
7.58 16.92
7.59 16.90
7.60 16.89
7.61 16.87
7.62 16.85
7.63 16.84
7.64 16.82
7.65 16.81
7.66 16.79
7.67 16.77
7.68 16.76
7.69 16.74
7.70 16.73
7.71 16.71
7.72 16.70
7.73 16.68
7.74 16.66
7.75 16.65
7.76 16.63
7.77 16.62
7.78 16.60
7.79 16.59
7.80 16.57
7.81 16.55
7.82 16.54
7.83 16.52
7.84 16.51
7.85 16.49
7.86 16.48
7.87 16.46
7.88 16.45
7.89 16.43
7.90 16.42
7.91 16.40
7.92 16.38
7.93 16.37
7.94 16.35
7.95 16.34
7.96 16.32
7.97 16.31
7.99 16.29
8.00 16.28
8.01 16.26
8.02 16.25
8.03 16.23
8.04 16.22
8.05 16.20
8.06 16.19
8.07 16.17
8.08 16.16
8.09 16.14
8.10 16.13
8.12 16.11
8.13 16.10
8.14 16.08
8.15 16.07
8.16 16.05
8.17 16.04
8.18 16.02
8.19 16.01
8.20 15.99
8.22 15.98
8.23 15.96
8.24 15.95
8.25 15.93
8.26 15.92
8.27 15.90
8.28 15.89
8.30 15.87
8.31 15.86
8.32 15.84
8.33 15.83
8.34 15.81
8.35 15.80
8.36 15.79
8.38 15.77
8.39 15.76
8.40 15.74
8.41 15.73
8.42 15.71
8.43 15.70
8.45 15.68
8.46 15.67
8.47 15.66
8.48 15.64
8.49 15.63
8.51 15.61
8.52 15.60
8.53 15.58
8.54 15.57
8.55 15.56
8.57 15.54
8.58 15.53
8.59 15.51
8.60 15.50
8.61 15.48
8.63 15.47
8.64 15.46
8.65 15.44
8.66 15.43
8.67 15.41
8.69 15.40
8.70 15.39
8.71 15.37
8.72 15.36
8.74 15.34
8.75 15.33
8.76 15.32
8.77 15.30
8.79 15.29
8.80 15.27
8.81 15.26
8.82 15.25
8.84 15.23
8.85 15.22
8.86 15.21
8.87 15.19
8.89 15.18
8.90 15.16
8.91 15.15
8.92 15.14
8.94 15.12
8.95 15.11
8.96 15.10
8.98 15.08
8.99 15.07
9.00 15.06
9.01 15.04
9.03 15.03
9.04 15.02
9.05 15.00
9.07 14.99
9.08 14.98
9.09 14.96
9.10 14.95
9.12 14.94
9.13 14.92
9.14 14.91
9.16 14.90
9.17 14.88
9.18 14.87
9.20 14.86
9.21 14.84
9.22 14.83
9.24 14.82
9.25 14.80
9.26 14.79
9.28 14.78
9.29 14.76
9.30 14.75
9.32 14.74
9.33 14.73
9.34 14.71
9.36 14.70
9.37 14.69
9.38 14.67
9.40 14.66
9.41 14.65
9.42 14.64
9.44 14.62
9.45 14.61
9.47 14.60
9.48 14.59
9.49 14.57
9.51 14.56
9.52 14.55
9.53 14.54
9.55 14.52
9.56 14.51
9.58 14.50
9.59 14.49
9.60 14.47
9.62 14.46
9.63 14.45
9.65 14.44
9.66 14.42
9.67 14.41
9.69 14.40
9.70 14.39
9.72 14.37
9.73 14.36
9.74 14.35
9.76 14.34
9.77 14.33
9.79 14.31
9.80 14.30
9.81 14.29
9.83 14.28
9.84 14.27
9.86 14.25
9.87 14.24
9.89 14.23
9.90 14.22
9.91 14.21
9.93 14.19
9.94 14.18
9.96 14.17
9.97 14.16
9.99 14.15
10.00 14.13
10.02 14.12
10.03 14.11
10.04 14.10
10.06 14.09
10.07 14.08
10.09 14.06
10.10 14.05
10.12 14.04
10.13 14.03
10.15 14.02
10.16 14.01
10.18 14.00
10.19 13.98
10.21 13.97
10.22 13.96
10.24 13.95
10.25 13.94
10.26 13.93
10.28 13.92
10.29 13.91
10.31 13.89
10.32 13.88
10.34 13.87
10.35 13.86
10.37 13.85
10.38 13.84
10.40 13.83
10.41 13.82
10.43 13.81
10.44 13.79
10.46 13.78
10.47 13.77
10.49 13.76
10.50 13.75
10.52 13.74
10.53 13.73
10.55 13.72
10.57 13.71
10.58 13.70
10.60 13.69
10.61 13.68
10.63 13.66
10.64 13.65
10.66 13.64
10.67 13.63
10.69 13.62
10.70 13.61
10.72 13.60
10.73 13.59
10.75 13.58
10.76 13.57
10.78 13.56
10.80 13.55
10.81 13.54
10.83 13.53
10.84 13.52
10.86 13.51
10.87 13.50
10.89 13.49
10.90 13.48
10.92 13.47
10.94 13.46
10.95 13.45
10.97 13.44
10.98 13.43
11.00 13.42
11.01 13.41
11.03 13.40
11.05 13.39
11.06 13.38
11.08 13.37
11.09 13.36
11.11 13.35
11.13 13.34
11.14 13.33
11.16 13.32
11.17 13.31
11.19 13.30
11.20 13.29
11.22 13.28
11.24 13.27
11.25 13.26
11.27 13.25
11.28 13.24
11.30 13.23
11.32 13.22
11.33 13.21
11.35 13.20
11.37 13.20
11.38 13.19
11.40 13.18
11.41 13.17
11.43 13.16
11.45 13.15
11.46 13.14
11.48 13.13
11.49 13.12
11.51 13.11
11.53 13.10
11.54 13.09
11.56 13.09
11.58 13.08
11.59 13.07
11.61 13.06
11.62 13.05
11.64 13.04
11.66 13.03
11.67 13.02
11.69 13.01
11.71 13.01
11.72 13.00
11.74 12.99
11.76 12.98
11.77 12.97
11.79 12.96
11.81 12.95
11.82 12.94
11.84 12.94
11.86 12.93
11.87 12.92
11.89 12.91
11.91 12.90
11.92 12.89
11.94 12.89
11.96 12.88
11.97 12.87
11.99 12.86
12.01 12.85
12.02 12.84
12.04 12.84
12.06 12.83
12.07 12.82
12.09 12.81
12.11 12.80
12.12 12.80
12.14 12.79
12.16 12.78
12.17 12.77
12.19 12.76
12.21 12.76
12.22 12.75
12.24 12.74
12.26 12.73
12.27 12.72
12.29 12.72
12.31 12.71
12.33 12.70
12.34 12.69
12.36 12.69
12.38 12.68
12.39 12.67
12.41 12.66
12.43 12.66
12.44 12.65
12.46 12.64
12.48 12.63
12.50 12.63
12.51 12.62
12.53 12.61
12.55 12.60
12.56 12.60
12.58 12.59
12.60 12.58
12.62 12.58
12.63 12.57
12.65 12.56
12.67 12.55
12.69 12.55
12.70 12.54
12.72 12.53
12.74 12.53
12.75 12.52
12.77 12.51
12.79 12.51
12.81 12.50
12.82 12.49
12.84 12.48
12.86 12.48
12.88 12.47
12.89 12.46
12.91 12.46
12.93 12.45
12.95 12.44
12.96 12.44
12.98 12.43
13.00 12.42
13.02 12.42
13.03 12.41
13.05 12.41
13.07 12.40
13.09 12.39
13.10 12.39
13.12 12.38
13.14 12.37
13.16 12.37
13.17 12.36
13.19 12.36
13.21 12.35
13.23 12.34
13.24 12.34
13.26 12.33
13.28 12.32
13.30 12.32
13.31 12.31
13.33 12.31
13.35 12.30
13.37 12.30
13.38 12.29
13.40 12.28
13.42 12.28
13.44 12.27
13.46 12.27
13.47 12.26
13.49 12.26
13.51 12.25
13.53 12.24
13.54 12.24
13.56 12.23
13.58 12.23
13.60 12.22
13.62 12.22
13.63 12.21
13.65 12.21
13.67 12.20
13.69 12.19
13.70 12.19
13.72 12.18
13.74 12.18
13.76 12.17
13.78 12.17
13.79 12.16
13.81 12.16
13.83 12.15
13.85 12.15
13.87 12.14
13.88 12.14
13.90 12.13
13.92 12.13
13.94 12.12
13.96 12.12
13.97 12.11
13.99 12.11
14.01 12.10
14.03 12.10
14.05 12.10
14.06 12.09
14.08 12.09
14.10 12.08
14.12 12.08
14.14 12.07
14.15 12.07
14.17 12.06
14.19 12.06
14.21 12.05
14.23 12.05
14.24 12.05
14.26 12.04
14.28 12.04
14.30 12.03
14.32 12.03
14.34 12.02
14.35 12.02
14.37 12.02
14.39 12.01
14.41 12.01
14.43 12.00
14.44 12.00
14.46 12.00
14.48 11.99
14.50 11.99
14.52 11.98
14.54 11.98
14.55 11.98
14.57 11.97
14.59 11.97
14.61 11.97
14.63 11.96
14.65 11.96
14.66 11.95
14.68 11.95
14.70 11.95
14.72 11.94
14.74 11.94
14.75 11.94
14.77 11.93
14.79 11.93
14.81 11.93
14.83 11.92
14.85 11.92
14.86 11.92
14.88 11.91
14.90 11.91
14.92 11.91
14.94 11.90
14.96 11.90
14.98 11.90
14.99 11.90
15.01 11.89
15.03 11.89
15.05 11.89
15.07 11.88
15.09 11.88
15.10 11.88
15.12 11.88
15.14 11.87
15.16 11.87
15.18 11.87
15.20 11.86
15.21 11.86
15.23 11.86
15.25 11.86
15.27 11.85
15.29 11.85
15.31 11.85
15.33 11.85
15.34 11.84
15.36 11.84
15.38 11.84
15.40 11.84
15.42 11.83
15.44 11.83
15.45 11.83
15.47 11.83
15.49 11.83
15.51 11.82
15.53 11.82
15.55 11.82
15.57 11.82
15.58 11.82
15.60 11.81
15.62 11.81
15.64 11.81
15.66 11.81
15.68 11.81
15.70 11.80
15.71 11.80
15.73 11.80
15.75 11.80
15.77 11.80
15.79 11.80
15.81 11.79
15.83 11.79
15.84 11.79
15.86 11.79
15.88 11.79
15.90 11.79
15.92 11.79
15.94 11.78
15.96 11.78
15.97 11.78
15.99 11.78
16.01 11.78
16.03 11.78
16.05 11.78
16.07 11.77
16.09 11.77
16.10 11.77
16.12 11.77
16.14 11.77
16.16 11.77
16.18 11.77
16.20 11.77
16.22 11.77
16.23 11.77
16.25 11.77
16.27 11.76
16.29 11.76
16.31 11.76
16.33 11.76
16.35 11.76
16.36 11.76
16.38 11.76
16.40 11.76
16.42 11.76
16.44 11.76
16.46 11.76
16.48 11.76
16.49 11.76
16.51 11.76
16.53 11.76
16.55 11.76
16.57 11.76
16.59 11.76
16.61 11.76
16.63 11.76
16.64 11.76
16.66 11.76
16.68 11.75
16.70 11.75
16.72 11.75
16.74 11.75
16.76 11.75
16.77 11.76
16.79 11.76
16.81 11.76
16.83 11.76
16.85 11.76
16.87 11.76
16.89 11.76
16.90 11.76
16.92 11.76
16.94 11.76
16.96 11.76
16.98 11.76
17.00 11.76
17.02 11.76
17.04 11.76
17.05 11.76
17.07 11.76
17.09 11.76
17.11 11.76
17.13 11.76
17.15 11.76
17.17 11.76
17.18 11.77
17.20 11.77
17.22 11.77
17.24 11.77
17.26 11.77
17.28 11.77
17.30 11.77
17.31 11.77
17.33 11.77
17.35 11.77
17.37 11.77
17.39 11.78
17.41 11.78
17.43 11.78
17.44 11.78
17.46 11.78
17.48 11.78
17.50 11.78
17.52 11.78
17.54 11.79
17.56 11.79
17.57 11.79
17.59 11.79
17.61 11.79
17.63 11.79
17.65 11.80
17.67 11.80
17.69 11.80
17.70 11.80
17.72 11.80
17.74 11.80
17.76 11.81
17.78 11.81
17.80 11.81
17.82 11.81
17.83 11.81
17.85 11.82
17.87 11.82
17.89 11.82
17.91 11.82
17.93 11.82
17.95 11.83
17.96 11.83
17.98 11.83
18.00 11.83
18.02 11.83
18.04 11.84
18.06 11.84
18.07 11.84
18.09 11.84
18.11 11.85
18.13 11.85
18.15 11.85
18.17 11.85
18.19 11.86
18.20 11.86
18.22 11.86
18.24 11.86
18.26 11.87
18.28 11.87
18.30 11.87
18.31 11.87
18.33 11.88
18.35 11.88
18.37 11.88
18.39 11.89
18.41 11.89
18.43 11.89
18.44 11.89
18.46 11.90
18.48 11.90
18.50 11.90
18.52 11.91
18.54 11.91
18.55 11.91
18.57 11.92
18.59 11.92
18.61 11.92
18.63 11.93
18.65 11.93
18.66 11.93
18.68 11.94
18.70 11.94
18.72 11.94
18.74 11.95
18.76 11.95
18.77 11.95
18.79 11.96
18.81 11.96
18.83 11.97
18.85 11.97
18.87 11.97
18.88 11.98
18.90 11.98
18.92 11.98
18.94 11.99
18.96 11.99
18.97 12.00
18.99 12.00
19.01 12.00
19.03 12.01
19.05 12.01
19.07 12.02
19.08 12.02
19.10 12.02
19.12 12.03
19.14 12.03
19.16 12.04
19.17 12.04
19.19 12.05
19.21 12.05
19.23 12.05
19.25 12.06
19.26 12.06
19.28 12.07
19.30 12.07
19.32 12.08
19.34 12.08
19.36 12.09
19.37 12.09
19.39 12.09
19.41 12.10
19.43 12.10
19.45 12.11
19.46 12.11
19.48 12.12
19.50 12.12
19.52 12.13
19.54 12.13
19.55 12.14
19.57 12.14
19.59 12.15
19.61 12.15
19.63 12.16
19.64 12.16
19.66 12.17
19.68 12.17
19.70 12.18
19.71 12.18
19.73 12.19
19.75 12.19
19.77 12.20
19.79 12.20
19.80 12.21
19.82 12.22
19.84 12.22
19.86 12.23
19.88 12.23
19.89 12.24
19.91 12.24
19.93 12.25
19.95 12.25
19.96 12.26
19.98 12.27
20.00 12.27
20.02 12.28
20.04 12.28
20.05 12.29
20.07 12.29
20.09 12.30
20.11 12.31
20.12 12.31
20.14 12.32
20.16 12.32
20.18 12.33
20.19 12.34
20.21 12.34
20.23 12.35
20.25 12.35
20.26 12.36
20.28 12.37
20.30 12.37
20.32 12.38
20.33 12.39
20.35 12.39
20.37 12.40
20.39 12.40
20.40 12.41
20.42 12.42
20.44 12.42
20.46 12.43
20.47 12.44
20.49 12.44
20.51 12.45
20.53 12.46
20.54 12.46
20.56 12.47
20.58 12.48
20.60 12.48
20.61 12.49
20.63 12.50
20.65 12.50
20.67 12.51
20.68 12.52
20.70 12.52
20.72 12.53
20.73 12.54
20.75 12.55
20.77 12.55
20.79 12.56
20.80 12.57
20.82 12.57
20.84 12.58
20.86 12.59
20.87 12.60
20.89 12.60
20.91 12.61
20.92 12.62
20.94 12.62
20.96 12.63
20.98 12.64
20.99 12.65
21.01 12.65
21.03 12.66
21.04 12.67
21.06 12.68
21.08 12.68
21.09 12.69
21.11 12.70
21.13 12.71
21.15 12.72
21.16 12.72
21.18 12.73
21.20 12.74
21.21 12.75
21.23 12.75
21.25 12.76
21.26 12.77
21.28 12.78
21.30 12.79
21.31 12.79
21.33 12.80
21.35 12.81
21.36 12.82
21.38 12.83
21.40 12.83
21.42 12.84
21.43 12.85
21.45 12.86
21.47 12.87
21.48 12.88
21.50 12.88
21.52 12.89
21.53 12.90
21.55 12.91
21.57 12.92
21.58 12.93
21.60 12.93
21.61 12.94
21.63 12.95
21.65 12.96
21.66 12.97
21.68 12.98
21.70 12.99
21.71 13.00
21.73 13.00
21.75 13.01
21.76 13.02
21.78 13.03
21.80 13.04
21.81 13.05
21.83 13.06
21.85 13.07
21.86 13.07
21.88 13.08
21.89 13.09
21.91 13.10
21.93 13.11
21.94 13.12
21.96 13.13
21.98 13.14
21.99 13.15
22.01 13.16
22.02 13.17
22.04 13.18
22.06 13.18
22.07 13.19
22.09 13.20
22.10 13.21
22.12 13.22
22.14 13.23
22.15 13.24
22.17 13.25
22.18 13.26
22.20 13.27
22.22 13.28
22.23 13.29
22.25 13.30
22.26 13.31
22.28 13.32
22.30 13.33
22.31 13.34
22.33 13.35
22.34 13.36
22.36 13.37
22.38 13.38
22.39 13.39
22.41 13.40
22.42 13.41
22.44 13.42
22.45 13.43
22.47 13.44
22.49 13.45
22.50 13.46
22.52 13.47
22.53 13.48
22.55 13.49
22.56 13.50
22.58 13.51
22.60 13.52
22.61 13.53
22.63 13.54
22.64 13.55
22.66 13.56
22.67 13.57
22.69 13.58
22.70 13.59
22.72 13.60
22.73 13.61
22.75 13.62
22.77 13.63
22.78 13.64
22.80 13.65
22.81 13.66
22.83 13.67
22.84 13.68
22.86 13.70
22.87 13.71
22.89 13.72
22.90 13.73
22.92 13.74
22.93 13.75
22.95 13.76
22.96 13.77
22.98 13.78
22.99 13.79
23.01 13.80
23.02 13.81
23.04 13.83
23.05 13.84
23.07 13.85
23.08 13.86
23.10 13.87
23.11 13.88
23.13 13.89
23.14 13.90
23.16 13.91
23.17 13.93
23.19 13.94
23.20 13.95
23.22 13.96
23.23 13.97
23.25 13.98
23.26 13.99
23.28 14.01
23.29 14.02
23.31 14.03
23.32 14.04
23.34 14.05
23.35 14.06
23.36 14.07
23.38 14.09
23.39 14.10
23.41 14.11
23.42 14.12
23.44 14.13
23.45 14.14
23.47 14.16
23.48 14.17
23.49 14.18
23.51 14.19
23.52 14.20
23.54 14.22
23.55 14.23
23.57 14.24
23.58 14.25
23.59 14.26
23.61 14.28
23.62 14.29
23.64 14.30
23.65 14.31
23.67 14.32
23.68 14.34
23.69 14.35
23.71 14.36
23.72 14.37
23.74 14.38
23.75 14.40
23.76 14.41
23.78 14.42
23.79 14.43
23.81 14.45
23.82 14.46
23.83 14.47
23.85 14.48
23.86 14.50
23.88 14.51
23.89 14.52
23.90 14.53
23.92 14.55
23.93 14.56
23.94 14.57
23.96 14.58
23.97 14.60
23.99 14.61
24.00 14.62
24.01 14.63
24.03 14.65
24.04 14.66
24.05 14.67
24.07 14.69
24.08 14.70
24.09 14.71
24.11 14.72
24.12 14.74
24.13 14.75
24.15 14.76
24.16 14.78
24.17 14.79
24.19 14.80
24.20 14.81
24.21 14.83
24.23 14.84
24.24 14.85
24.25 14.87
24.27 14.88
24.28 14.89
24.29 14.91
24.31 14.92
24.32 14.93
24.33 14.95
24.35 14.96
24.36 14.97
24.37 14.99
24.39 15.00
24.40 15.01
24.41 15.03
24.42 15.04
24.44 15.05
24.45 15.07
24.46 15.08
24.48 15.09
24.49 15.11
24.50 15.12
24.51 15.13
24.53 15.15
24.54 15.16
24.55 15.18
24.56 15.19
24.58 15.20
24.59 15.22
24.60 15.23
24.61 15.24
24.63 15.26
24.64 15.27
24.65 15.29
24.66 15.30
24.68 15.31
24.69 15.33
24.70 15.34
24.71 15.36
24.73 15.37
24.74 15.38
24.75 15.40
24.76 15.41
24.78 15.43
24.79 15.44
24.80 15.45
24.81 15.47
24.82 15.48
24.84 15.50
24.85 15.51
24.86 15.52
24.87 15.54
24.88 15.55
24.90 15.57
24.91 15.58
24.92 15.60
24.93 15.61
24.94 15.62
24.96 15.64
24.97 15.65
24.98 15.67
24.99 15.68
25.00 15.70
25.02 15.71
25.03 15.73
25.04 15.74
25.05 15.75
25.06 15.77
25.07 15.78
25.09 15.80
25.10 15.81
25.11 15.83
25.12 15.84
25.13 15.86
25.14 15.87
25.15 15.89
25.17 15.90
25.18 15.92
25.19 15.93
25.20 15.95
25.21 15.96
25.22 15.97
25.23 15.99
25.24 16.00
25.26 16.02
25.27 16.03
25.28 16.05
25.29 16.06
25.30 16.08
25.31 16.09
25.32 16.11
25.33 16.12
25.34 16.14
25.36 16.15
25.37 16.17
25.38 16.18
25.39 16.20
25.40 16.21
25.41 16.23
25.42 16.24
25.43 16.26
25.44 16.28
25.45 16.29
25.46 16.31
25.47 16.32
25.49 16.34
25.50 16.35
25.51 16.37
25.52 16.38
25.53 16.40
25.54 16.41
25.55 16.43
25.56 16.44
25.57 16.46
25.58 16.47
25.59 16.49
25.60 16.51
25.61 16.52
25.62 16.54
25.63 16.55
25.64 16.57
25.65 16.58
25.66 16.60
25.67 16.61
25.68 16.63
25.69 16.65
25.70 16.66
25.71 16.68
25.72 16.69
25.73 16.71
25.74 16.72
25.75 16.74
25.76 16.76
25.77 16.77
25.78 16.79
25.79 16.80
25.80 16.82
25.81 16.84
25.82 16.85
25.83 16.87
25.84 16.88
25.85 16.90
25.86 16.91
25.87 16.93
25.88 16.95
25.89 16.96
25.90 16.98
25.91 16.99
25.92 17.01
25.93 17.03
25.94 17.04
25.95 17.06
25.95 17.08
25.96 17.09
25.97 17.11
25.98 17.12
25.99 17.14
26.00 17.16
26.01 17.17
26.02 17.19
26.03 17.20
26.04 17.22
26.05 17.24
26.06 17.25
26.06 17.27
26.07 17.29
26.08 17.30
26.09 17.32
26.10 17.33
26.11 17.35
26.12 17.37
26.13 17.38
26.14 17.40
26.14 17.42
26.15 17.43
26.16 17.45
26.17 17.47
26.18 17.48
26.19 17.50
26.20 17.52
1139
10.83 18.59
10.84 18.58
10.85 18.57
10.85 18.56
10.86 18.55
10.87 18.54
10.88 18.53
10.88 18.52
10.89 18.51
10.90 18.50
10.90 18.49
10.91 18.48
10.92 18.47
10.92 18.46
10.93 18.45
10.94 18.44
10.94 18.43
10.95 18.42
10.96 18.41
10.97 18.40
10.97 18.39
10.98 18.38
10.99 18.37
10.99 18.36
11.00 18.35
11.01 18.34
11.01 18.33
11.02 18.32
11.03 18.31
11.04 18.30
11.04 18.29
11.05 18.28
11.06 18.27
11.07 18.26
11.07 18.25
11.08 18.24
11.09 18.23
11.09 18.22
11.10 18.21
11.11 18.20
11.12 18.19
11.12 18.18
11.13 18.17
11.14 18.16
11.15 18.15
11.15 18.14
11.16 18.13
11.17 18.13
11.18 18.12
11.18 18.11
11.19 18.10
11.20 18.09
11.21 18.08
11.21 18.07
11.22 18.06
11.23 18.05
11.24 18.04
11.24 18.03
11.25 18.02
11.26 18.01
11.27 18.00
11.28 17.99
11.28 17.98
11.29 17.97
11.30 17.96
11.31 17.95
11.31 17.94
11.32 17.93
11.33 17.92
11.34 17.92
11.35 17.91
11.35 17.90
11.36 17.89
11.37 17.88
11.38 17.87
11.39 17.86
11.39 17.85
11.40 17.84
11.41 17.83
11.42 17.82
11.43 17.81
11.43 17.80
11.44 17.79
11.45 17.79
11.46 17.78
11.47 17.77
11.47 17.76
11.48 17.75
11.49 17.74
11.50 17.73
11.51 17.72
11.52 17.71
11.52 17.70
11.53 17.69
11.54 17.68
11.55 17.68
11.56 17.67
11.56 17.66
11.57 17.65
11.58 17.64
11.59 17.63
11.60 17.62
11.61 17.61
11.62 17.60
11.62 17.60
11.63 17.59
11.64 17.58
11.65 17.57
11.66 17.56
11.67 17.55
11.67 17.54
11.68 17.53
11.69 17.52
11.70 17.52
11.71 17.51
11.72 17.50
11.73 17.49
11.73 17.48
11.74 17.47
11.75 17.46
11.76 17.45
11.77 17.45
11.78 17.44
11.79 17.43
11.80 17.42
11.80 17.41
11.81 17.40
11.82 17.39
11.83 17.39
11.84 17.38
11.85 17.37
11.86 17.36
11.87 17.35
11.87 17.34
11.88 17.34
11.89 17.33
11.90 17.32
11.91 17.31
11.92 17.30
11.93 17.29
11.94 17.28
11.95 17.28
11.96 17.27
11.96 17.26
11.97 17.25
11.98 17.24
11.99 17.23
12.00 17.23
12.01 17.22
12.02 17.21
12.03 17.20
12.04 17.19
12.05 17.19
12.06 17.18
12.06 17.17
12.07 17.16
12.08 17.15
12.09 17.15
12.10 17.14
12.11 17.13
12.12 17.12
12.13 17.11
12.14 17.10
12.15 17.10
12.16 17.09
12.17 17.08
12.18 17.07
12.19 17.07
12.19 17.06
12.20 17.05
12.21 17.04
12.22 17.03
12.23 17.03
12.24 17.02
12.25 17.01
12.26 17.00
12.27 16.99
12.28 16.99
12.29 16.98
12.30 16.97
12.31 16.96
12.32 16.96
12.33 16.95
12.34 16.94
12.35 16.93
12.36 16.93
12.37 16.92
12.38 16.91
12.38 16.90
12.39 16.89
12.40 16.89
12.41 16.88
12.42 16.87
12.43 16.86
12.44 16.86
12.45 16.85
12.46 16.84
12.47 16.84
12.48 16.83
12.49 16.82
12.50 16.81
12.51 16.81
12.52 16.80
12.53 16.79
12.54 16.78
12.55 16.78
12.56 16.77
12.57 16.76
12.58 16.75
12.59 16.75
12.60 16.74
12.61 16.73
12.62 16.73
12.63 16.72
12.64 16.71
12.65 16.70
12.66 16.70
12.67 16.69
12.68 16.68
12.69 16.68
12.70 16.67
12.71 16.66
12.72 16.66
12.73 16.65
12.74 16.64
12.75 16.63
12.76 16.63
12.77 16.62
12.78 16.61
12.79 16.61
12.80 16.60
12.81 16.59
12.82 16.59
12.83 16.58
12.84 16.57
12.85 16.57
12.86 16.56
12.87 16.55
12.88 16.55
12.89 16.54
12.90 16.53
12.91 16.53
12.92 16.52
12.93 16.51
12.94 16.51
12.96 16.50
12.97 16.49
12.98 16.49
12.99 16.48
13.00 16.47
13.01 16.47
13.02 16.46
13.03 16.45
13.04 16.45
13.05 16.44
13.06 16.43
13.07 16.43
13.08 16.42
13.09 16.42
13.10 16.41
13.11 16.40
13.12 16.40
13.13 16.39
13.14 16.38
13.15 16.38
13.16 16.37
13.17 16.37
13.19 16.36
13.20 16.35
13.21 16.35
13.22 16.34
13.23 16.33
13.24 16.33
13.25 16.32
13.26 16.32
13.27 16.31
13.28 16.30
13.29 16.30
13.30 16.29
13.31 16.29
13.32 16.28
13.33 16.27
13.35 16.27
13.36 16.26
13.37 16.26
13.38 16.25
13.39 16.25
13.40 16.24
13.41 16.23
13.42 16.23
13.43 16.22
13.44 16.22
13.45 16.21
13.46 16.20
13.48 16.20
13.49 16.19
13.50 16.19
13.51 16.18
13.52 16.18
13.53 16.17
13.54 16.17
13.55 16.16
13.56 16.15
13.57 16.15
13.58 16.14
13.60 16.14
13.61 16.13
13.62 16.13
13.63 16.12
13.64 16.12
13.65 16.11
13.66 16.11
13.67 16.10
13.68 16.10
13.69 16.09
13.71 16.08
13.72 16.08
13.73 16.07
13.74 16.07
13.75 16.06
13.76 16.06
13.77 16.05
13.78 16.05
13.79 16.04
13.81 16.04
13.82 16.03
13.83 16.03
13.84 16.02
13.85 16.02
13.86 16.01
13.87 16.01
13.88 16.00
13.90 16.00
13.91 15.99
13.92 15.99
13.93 15.98
13.94 15.98
13.95 15.97
13.96 15.97
13.97 15.96
13.99 15.96
14.00 15.95
14.01 15.95
14.02 15.94
14.03 15.94
14.04 15.94
14.05 15.93
14.06 15.93
14.08 15.92
14.09 15.92
14.10 15.91
14.11 15.91
14.12 15.90
14.13 15.90
14.14 15.89
14.16 15.89
14.17 15.89
14.18 15.88
14.19 15.88
14.20 15.87
14.21 15.87
14.22 15.86
14.24 15.86
14.25 15.85
14.26 15.85
14.27 15.85
14.28 15.84
14.29 15.84
14.30 15.83
14.32 15.83
14.33 15.82
14.34 15.82
14.35 15.82
14.36 15.81
14.37 15.81
14.39 15.80
14.40 15.80
14.41 15.80
14.42 15.79
14.43 15.79
14.44 15.78
14.46 15.78
14.47 15.78
14.48 15.77
14.49 15.77
14.50 15.76
14.51 15.76
14.52 15.76
14.54 15.75
14.55 15.75
14.56 15.75
14.57 15.74
14.58 15.74
14.59 15.73
14.61 15.73
14.62 15.73
14.63 15.72
14.64 15.72
14.65 15.72
14.67 15.71
14.68 15.71
14.69 15.71
14.70 15.70
14.71 15.70
14.72 15.69
14.74 15.69
14.75 15.69
14.76 15.68
14.77 15.68
14.78 15.68
14.79 15.67
14.81 15.67
14.82 15.67
14.83 15.66
14.84 15.66
14.85 15.66
14.87 15.65
14.88 15.65
14.89 15.65
14.90 15.64
14.91 15.64
14.92 15.64
14.94 15.64
14.95 15.63
14.96 15.63
14.97 15.63
14.98 15.62
15.00 15.62
15.01 15.62
15.02 15.61
15.03 15.61
15.04 15.61
15.06 15.61
15.07 15.60
15.08 15.60
15.09 15.60
15.10 15.59
15.11 15.59
15.13 15.59
15.14 15.59
15.15 15.58
15.16 15.58
15.17 15.58
15.19 15.57
15.20 15.57
15.21 15.57
15.22 15.57
15.23 15.56
15.25 15.56
15.26 15.56
15.27 15.56
15.28 15.55
15.29 15.55
15.31 15.55
15.32 15.55
15.33 15.54
15.34 15.54
15.35 15.54
15.37 15.54
15.38 15.53
15.39 15.53
15.40 15.53
15.41 15.53
15.43 15.53
15.44 15.52
15.45 15.52
15.46 15.52
15.48 15.52
15.49 15.51
15.50 15.51
15.51 15.51
15.52 15.51
15.54 15.51
15.55 15.50
15.56 15.50
15.57 15.50
15.58 15.50
15.60 15.50
15.61 15.49
15.62 15.49
15.63 15.49
15.64 15.49
15.66 15.49
15.67 15.48
15.68 15.48
15.69 15.48
15.70 15.48
15.72 15.48
15.73 15.48
15.74 15.47
15.75 15.47
15.77 15.47
15.78 15.47
15.79 15.47
15.80 15.47
15.81 15.46
15.83 15.46
15.84 15.46
15.85 15.46
15.86 15.46
15.88 15.46
15.89 15.45
15.90 15.45
15.91 15.45
15.92 15.45
15.94 15.45
15.95 15.45
15.96 15.45
15.97 15.45
15.98 15.44
16.00 15.44
16.01 15.44
16.02 15.44
16.03 15.44
16.05 15.44
16.06 15.44
16.07 15.44
16.08 15.43
16.09 15.43
16.11 15.43
16.12 15.43
16.13 15.43
16.14 15.43
16.16 15.43
16.17 15.43
16.18 15.43
16.19 15.42
16.20 15.42
16.22 15.42
16.23 15.42
16.24 15.42
16.25 15.42
16.27 15.42
16.28 15.42
16.29 15.42
16.30 15.42
16.31 15.42
16.33 15.42
16.34 15.42
16.35 15.41
16.36 15.41
16.38 15.41
16.39 15.41
16.40 15.41
16.41 15.41
16.42 15.41
16.44 15.41
16.45 15.41
16.46 15.41
16.47 15.41
16.49 15.41
16.50 15.41
16.51 15.41
16.52 15.41
16.54 15.41
16.55 15.41
16.56 15.41
16.57 15.41
16.58 15.41
16.60 15.41
16.61 15.41
16.62 15.41
16.63 15.41
16.65 15.41
16.66 15.41
16.67 15.41
16.68 15.41
16.69 15.41
16.71 15.41
16.72 15.41
16.73 15.41
16.74 15.41
16.76 15.41
16.77 15.41
16.78 15.41
16.79 15.41
16.80 15.41
16.82 15.41
16.83 15.41
16.84 15.41
16.85 15.41
16.87 15.41
16.88 15.41
16.89 15.41
16.90 15.41
16.92 15.41
16.93 15.41
16.94 15.41
16.95 15.41
16.96 15.41
16.98 15.41
16.99 15.41
17.00 15.41
17.01 15.41
17.03 15.41
17.04 15.41
17.05 15.41
17.06 15.41
17.07 15.41
17.09 15.41
17.10 15.42
17.11 15.42
17.12 15.42
17.14 15.42
17.15 15.42
17.16 15.42
17.17 15.42
17.18 15.42
17.20 15.42
17.21 15.42
17.22 15.42
17.23 15.42
17.25 15.42
17.26 15.43
17.27 15.43
17.28 15.43
17.29 15.43
17.31 15.43
17.32 15.43
17.33 15.43
17.34 15.43
17.36 15.43
17.37 15.44
17.38 15.44
17.39 15.44
17.40 15.44
17.42 15.44
17.43 15.44
17.44 15.44
17.45 15.44
17.47 15.44
17.48 15.45
17.49 15.45
17.50 15.45
17.51 15.45
17.53 15.45
17.54 15.45
17.55 15.45
17.56 15.46
17.58 15.46
17.59 15.46
17.60 15.46
17.61 15.46
17.62 15.46
17.64 15.47
17.65 15.47
17.66 15.47
17.67 15.47
17.68 15.47
17.70 15.47
17.71 15.48
17.72 15.48
17.73 15.48
17.75 15.48
17.76 15.48
17.77 15.48
17.78 15.49
17.79 15.49
17.81 15.49
17.82 15.49
17.83 15.49
17.84 15.50
17.85 15.50
17.87 15.50
17.88 15.50
17.89 15.50
17.90 15.51
17.91 15.51
17.93 15.51
17.94 15.51
17.95 15.51
17.96 15.52
17.98 15.52
17.99 15.52
18.00 15.52
18.01 15.52
18.02 15.53
18.04 15.53
18.05 15.53
18.06 15.53
18.07 15.54
18.08 15.54
18.10 15.54
18.11 15.54
18.12 15.55
18.13 15.55
18.14 15.55
18.16 15.55
18.17 15.56
18.18 15.56
18.19 15.56
18.20 15.56
18.22 15.57
18.23 15.57
18.24 15.57
18.25 15.57
18.26 15.58
18.28 15.58
18.29 15.58
18.30 15.58
18.31 15.59
18.32 15.59
18.34 15.59
18.35 15.60
18.36 15.60
18.37 15.60
18.38 15.60
18.39 15.61
18.41 15.61
18.42 15.61
18.43 15.62
18.44 15.62
18.45 15.62
18.47 15.63
18.48 15.63
18.49 15.63
18.50 15.63
18.51 15.64
18.53 15.64
18.54 15.64
18.55 15.65
18.56 15.65
18.57 15.65
18.58 15.66
18.60 15.66
18.61 15.66
18.62 15.67
18.63 15.67
18.64 15.67
18.66 15.68
18.67 15.68
18.68 15.68
18.69 15.69
18.70 15.69
18.71 15.69
18.73 15.70
18.74 15.70
18.75 15.70
18.76 15.71
18.77 15.71
18.78 15.72
18.80 15.72
18.81 15.72
18.82 15.73
18.83 15.73
18.84 15.73
18.85 15.74
18.87 15.74
18.88 15.74
18.89 15.75
18.90 15.75
18.91 15.76
18.92 15.76
18.94 15.76
18.95 15.77
18.96 15.77
18.97 15.78
18.98 15.78
18.99 15.78
19.01 15.79
19.02 15.79
19.03 15.80
19.04 15.80
19.05 15.80
19.06 15.81
19.08 15.81
19.09 15.82
19.10 15.82
19.11 15.82
19.12 15.83
19.13 15.83
19.14 15.84
19.16 15.84
19.17 15.85
19.18 15.85
19.19 15.85
19.20 15.86
19.21 15.86
19.23 15.87
19.24 15.87
19.25 15.88
19.26 15.88
19.27 15.88
19.28 15.89
19.29 15.89
19.31 15.90
19.32 15.90
19.33 15.91
19.34 15.91
19.35 15.92
19.36 15.92
19.37 15.93
19.38 15.93
19.40 15.93
19.41 15.94
19.42 15.94
19.43 15.95
19.44 15.95
19.45 15.96
19.46 15.96
19.48 15.97
19.49 15.97
19.50 15.98
19.51 15.98
19.52 15.99
19.53 15.99
19.54 16.00
19.55 16.00
19.57 16.01
19.58 16.01
19.59 16.02
19.60 16.02
19.61 16.03
19.62 16.03
19.63 16.04
19.64 16.04
19.65 16.05
19.67 16.05
19.68 16.06
19.69 16.06
19.70 16.07
19.71 16.07
19.72 16.08
19.73 16.08
19.74 16.09
19.75 16.09
19.77 16.10
19.78 16.10
19.79 16.11
19.80 16.12
19.81 16.12
19.82 16.13
19.83 16.13
19.84 16.14
19.85 16.14
19.86 16.15
19.88 16.15
19.89 16.16
19.90 16.16
19.91 16.17
19.92 16.18
19.93 16.18
19.94 16.19
19.95 16.19
19.96 16.20
19.97 16.20
19.98 16.21
20.00 16.22
20.01 16.22
20.02 16.23
20.03 16.23
20.04 16.24
20.05 16.24
20.06 16.25
20.07 16.26
20.08 16.26
20.09 16.27
20.10 16.27
20.11 16.28
20.12 16.29
20.14 16.29
20.15 16.30
20.16 16.30
20.17 16.31
20.18 16.32
20.19 16.32
20.20 16.33
20.21 16.33
20.22 16.34
20.23 16.35
20.24 16.35
20.25 16.36
20.26 16.36
20.27 16.37
20.28 16.38
20.30 16.38
20.31 16.39
20.32 16.40
20.33 16.40
20.34 16.41
20.35 16.41
20.36 16.42
20.37 16.43
20.38 16.43
20.39 16.44
20.40 16.45
20.41 16.45
20.42 16.46
20.43 16.47
20.44 16.47
20.45 16.48
20.46 16.49
20.47 16.49
20.48 16.50
20.49 16.50
20.50 16.51
20.51 16.52
20.52 16.52
20.53 16.53
20.55 16.54
20.56 16.54
20.57 16.55
20.58 16.56
20.59 16.56
20.60 16.57
20.61 16.58
20.62 16.59
20.63 16.59
20.64 16.60
20.65 16.61
20.66 16.61
20.67 16.62
20.68 16.63
20.69 16.63
20.70 16.64
20.71 16.65
20.72 16.65
20.73 16.66
20.74 16.67
20.75 16.68
20.76 16.68
20.77 16.69
20.78 16.70
20.79 16.70
20.80 16.71
20.81 16.72
20.82 16.72
20.83 16.73
20.84 16.74
20.85 16.75
20.86 16.75
20.87 16.76
20.88 16.77
20.89 16.78
20.90 16.78
20.91 16.79
20.92 16.80
20.93 16.80
20.94 16.81
20.95 16.82
20.96 16.83
20.97 16.83
20.98 16.84
20.99 16.85
21.00 16.86
21.01 16.86
21.02 16.87
21.02 16.88
21.03 16.89
21.04 16.89
21.05 16.90
21.06 16.91
21.07 16.92
21.08 16.92
21.09 16.93
21.10 16.94
21.11 16.95
21.12 16.95
21.13 16.96
21.14 16.97
21.15 16.98
21.16 16.99
21.17 16.99
21.18 17.00
21.19 17.01
21.20 17.02
21.21 17.02
21.22 17.03
21.23 17.04
21.23 17.05
21.24 17.06
21.25 17.06
21.26 17.07
21.27 17.08
21.28 17.09
21.29 17.10
21.30 17.10
21.31 17.11
21.32 17.12
21.33 17.13
21.34 17.14
21.35 17.14
21.36 17.15
21.36 17.16
21.37 17.17
21.38 17.18
21.39 17.18
21.40 17.19
21.41 17.20
21.42 17.21
21.43 17.22
21.44 17.23
21.45 17.23
21.46 17.24
21.47 17.25
21.47 17.26
21.48 17.27
21.49 17.27
21.50 17.28
21.51 17.29
21.52 17.30
21.53 17.31
21.54 17.32
21.55 17.33
21.55 17.33
21.56 17.34
21.57 17.35
21.58 17.36
21.59 17.37
21.60 17.38
21.61 17.38
21.62 17.39
21.63 17.40
21.63 17.41
21.64 17.42
21.65 17.43
21.66 17.44
21.67 17.44
21.68 17.45
21.69 17.46
21.70 17.47
21.70 17.48
21.71 17.49
21.72 17.50
21.73 17.51
21.74 17.51
21.75 17.52
21.76 17.53
21.76 17.54
21.77 17.55
21.78 17.56
21.79 17.57
21.80 17.58
21.81 17.58
21.81 17.59
21.82 17.60
21.83 17.61
21.84 17.62
21.85 17.63
21.86 17.64
21.87 17.65
21.87 17.66
21.88 17.67
21.89 17.67
21.90 17.68
21.91 17.69
21.92 17.70
21.92 17.71
21.93 17.72
21.94 17.73
21.95 17.74
21.96 17.75
21.96 17.76
21.97 17.77
21.98 17.77
21.99 17.78
22.00 17.79
22.00 17.80
22.01 17.81
22.02 17.82
22.03 17.83
22.04 17.84
22.05 17.85
22.05 17.86
22.06 17.87
22.07 17.88
22.08 17.89
22.08 17.90
22.09 17.90
22.10 17.91
22.11 17.92
22.12 17.93
22.12 17.94
22.13 17.95
22.14 17.96
22.15 17.97
22.16 17.98
22.16 17.99
22.17 18.00
22.18 18.01
22.19 18.02
22.19 18.03
22.20 18.04
22.21 18.05
22.22 18.06
22.22 18.07
22.23 18.08
22.24 18.09
22.25 18.09
22.26 18.10
22.26 18.11
22.27 18.12
22.28 18.13
22.29 18.14
22.29 18.15
22.30 18.16
22.31 18.17
22.31 18.18
22.32 18.19
22.33 18.20
22.34 18.21
22.34 18.22
22.35 18.23
22.36 18.24
22.37 18.25
22.37 18.26
22.38 18.27
22.39 18.28
22.40 18.29
22.40 18.30
22.41 18.31
22.42 18.32
22.42 18.33
22.43 18.34
22.44 18.35
22.45 18.36
22.45 18.37
22.46 18.38
22.47 18.39
22.47 18.40
22.48 18.41
22.49 18.42
22.49 18.43
22.50 18.44
22.51 18.45
22.52 18.46
22.52 18.47
22.53 18.48
22.54 18.49
22.54 18.50
22.55 18.51
22.56 18.52
22.56 18.53
22.57 18.54
22.58 18.55
22.58 18.56
22.59 18.57
22.60 18.58
22.60 18.59
